10 3
0.57514779999999998683 0.42808180000000001231 0.17839969999999999439
0.16310579999999999523 0.99753559999999996677 0.10364139999999999464
0.75482769999999999033 0.46657799999999999274 0.97338040000000003449
0.94706040000000002443 0.87475349999999996164 0.50779249999999998000
0.98742439999999997990 0.97759770000000001389 0.18795149999999999357
0.87968820000000003123 0.85978630000000000333 0.54237009999999996612
0.31070229999999998682 0.48908849999999998159 0.21839549999999999241
0.03478019999999999723 0.17487300000000000066 0.19558900000000001285
0.13563379999999999881 0.03904060000000000169 0.15032349999999999879
0.07204449999999999743 0.27599820000000002684 0.04691859999999999781
0.53641002694500772296 0.46788841590357188593 0.23262247032905933319
0.27789117854966044474 0.49846305825534453771 0.19767177913524267008
0.75943733859424644717 0.65704230979425370940 0.57584748660486095861
0.94706036454999731333 0.87475350517664773875 0.50779247660551785071
0.87968820484613863275 0.85978629133277961749 0.54237009594965845949
0.31070230068715137817 0.48908850056579439292 0.21839549817459721903
0.06184447142563338773 0.17152732327824948833 0.16854507124060447154
0.09072154345802044273 0.27321659559013516949 0.09232476751205162535
0 10
1 11
2 12
3 13
4 13
5 14
6 15
7 16
8 16
9 17
10 12
10 15
11 15
11 17
12 14
13 14
16 17
